p tile 14 14 14
0 13 9 0
0 13 9 13
0 10 2 13
0 4 11 10
0 8 1 4
0 11 11 8
0 14 8 11
0 4 2 14
0 1 1 4
0 7 12 1
0 7 7 7
0 5 8 7
0 3 10 5
0 0 14 3
9 13 6 0
9 1 2 13
2 5 4 1
11 6 8 5
1 2 9 6
11 10 5 2
8 10 7 10
2 11 5 10
1 3 13 11
12 10 3 3
7 4 5 10
8 11 14 4
10 1 8 11
14 0 5 1
6 14 4 0
2 10 12 14
4 11 2 10
8 13 6 11
9 13 2 13
5 3 11 13
7 9 8 3
5 10 3 9
13 10 2 10
3 9 11 10
5 11 1 9
14 9 1 11
8 12 3 9
5 0 14 12
4 14 12 0
12 6 1 14
2 1 6 6
6 2 13 1
2 3 2 2
11 7 1 3
8 1 14 7
3 7 8 1
2 14 5 7
11 10 10 14
1 11 5 10
1 11 13 11
3 5 13 11
14 0 8 5
12 1 3 0
1 6 1 1
6 8 13 6
13 12 4 8
2 10 10 12
1 10 3 10
14 6 7 10
8 11 9 6
5 13 13 11
10 10 5 13
5 11 5 10
13 8 7 11
13 9 12 8
8 0 6 9
3 5 11 0
1 4 14 5
13 12 13 4
4 2 14 12
10 8 11 2
3 14 13 8
7 8 9 14
9 2 12 8
13 9 2 2
5 2 14 9
5 6 9 2
7 6 4 6
12 5 4 6
6 0 11 5
11 1 1 0
14 14 4 1
13 4 2 14
14 8 9 4
11 5 1 8
13 13 4 5
9 14 13 13
12 1 8 14
2 11 6 1
14 1 5 11
9 11 5 1
4 14 8 11
4 2 4 14
11 0 5 2
1 3 12 0
4 2 14 3
2 2 5 2
9 9 1 2
1 8 1 9
4 7 14 8
13 3 14 7
8 1 9 3
6 13 10 1
5 12 7 13
5 4 11 12
8 10 14 4
4 14 11 10
5 0 10 14
12 3 12 0
14 7 2 3
5 10 8 7
1 14 13 10
1 3 5 14
14 10 13 3
14 3 8 10
9 6 2 3
10 11 5 6
7 2 5 11
11 7 7 2
14 10 1 7
11 5 14 10
10 0 3 5
12 14 1 0
2 12 11 14
8 11 3 12
13 8 11 11
5 2 3 8
13 13 12 2
8 10 10 13
2 9 2 10
5 5 12 9
5 10 2 5
7 2 10 10
1 4 2 2
14 9 2 4
3 0 14 9
1 2 7 0
11 2 11 2
3 10 10 2
11 1 2 10
3 5 1 1
12 2 10 5
10 9 2 2
2 9 11 9
12 2 5 9
2 13 7 2
10 7 4 13
2 8 4 7
2 7 9 8
14 0 5 7
7 2 2 0
11 7 3 2
10 7 8 7
2 13 14 7
1 9 4 13
10 10 10 9
2 10 5 10
11 12 12 10
5 7 6 12
7 1 12 7
4 8 7 1
4 12 4 8
9 11 2 12
5 0 12 11
2 3 13 0
3 12 7 3
8 10 6 12
14 2 14 10
4 1 3 2
10 2 3 1
5 5 10 2
12 8 5 5
6 4 12 8
12 7 2 4
7 4 1 7
4 10 9 4
2 11 2 10
12 0 4 11
13 8 0 0
7 3 0 8
6 6 0 3
14 5 0 6
3 7 0 5
3 14 0 7
10 7 0 14
5 8 0 7
12 11 0 8
2 14 0 11
1 5 0 14
9 7 0 5
2 12 0 7
4 0 0 12
