p tile 15 15 15
0 4 8 0
0 14 3 4
0 1 3 14
0 2 3 1
0 14 11 2
0 11 11 14
0 6 3 11
0 11 9 6
0 6 1 11
0 11 5 6
0 6 8 11
0 1 14 6
0 13 15 1
0 6 2 13
0 0 6 6
8 10 1 0
3 5 1 10
3 13 10 5
3 8 6 13
11 12 13 8
11 4 5 12
3 8 7 4
9 15 7 8
1 2 13 15
5 6 6 2
8 2 14 6
14 10 14 2
15 3 2 10
2 5 5 3
6 0 1 5
1 8 13 0
1 5 8 8
10 3 11 5
6 11 10 3
13 13 12 11
5 3 11 13
7 2 1 3
7 15 6 2
13 13 6 15
6 15 14 13
14 10 2 15
14 8 8 10
2 15 15 8
5 11 7 15
1 0 11 11
13 15 4 0
8 6 3 15
11 2 3 6
10 3 7 2
12 6 10 3
11 7 15 6
1 4 7 7
6 1 4 4
6 3 6 1
14 4 8 3
2 2 5 4
8 13 2 2
15 3 15 13
7 13 3 3
11 0 15 13
4 15 1 0
3 4 15 15
3 13 3 4
7 10 7 13
10 14 3 10
15 10 6 14
7 12 11 10
4 12 3 12
6 3 5 12
8 1 8 3
5 13 10 1
2 15 2 13
15 4 14 15
3 5 2 4
15 0 7 5
1 13 9 0
15 13 5 13
3 9 14 13
7 12 5 9
3 8 2 12
6 13 14 8
11 13 11 13
3 2 9 13
5 3 9 2
8 10 14 3
10 14 15 10
2 5 8 14
14 4 14 5
2 4 8 4
7 0 15 4
9 14 5 0
5 8 11 14
14 6 12 8
5 9 13 6
2 12 5 9
14 6 7 12
11 10 3 6
9 10 5 10
9 1 9 10
14 11 6 1
15 4 1 11
8 15 5 4
14 12 5 15
8 9 7 12
15 0 2 9
5 1 15 0
11 10 3 1
12 15 9 10
13 9 10 15
5 14 3 9
7 6 3 14
3 1 14 6
5 5 11 1
9 13 6 5
6 7 4 13
1 13 7 7
5 13 1 13
5 15 12 13
7 7 14 15
2 0 4 7
15 11 15 0
3 4 2 11
9 6 1 4
10 5 6 6
3 1 7 5
3 10 1 1
14 8 8 10
11 9 12 8
6 2 4 9
4 13 9 2
7 15 10 13
1 1 9 15
12 3 2 1
14 14 6 3
4 0 13 14
15 6 13 0
2 3 15 6
1 5 10 3
6 8 14 5
7 8 10 8
1 14 4 8
8 5 1 14
12 12 8 5
4 15 7 12
9 4 15 15
10 5 10 4
9 10 2 5
2 9 9 10
6 12 6 9
13 0 2 12
13 15 12 0
15 12 1 15
10 1 15 12
14 13 1 1
10 4 15 13
4 10 2 4
1 6 11 10
8 13 15 6
7 9 3 13
15 6 5 9
10 10 8 6
2 10 15 10
9 1 12 10
6 15 4 1
2 0 3 15
12 3 7 0
1 8 6 3
15 10 9 8
1 4 12 10
15 8 1 4
2 5 11 8
11 12 7 5
15 4 10 12
3 13 7 4
5 12 15 13
8 8 15 12
15 10 14 8
12 4 8 10
4 8 15 4
3 0 15 8
7 5 4 0
6 1 9 5
9 12 4 1
12 2 13 12
1 7 2 2
11 12 14 7
7 3 2 12
10 13 15 3
7 1 11 13
15 15 11 1
15 13 11 15
14 2 3 13
8 8 7 2
15 6 5 8
15 0 6 6
4 6 9 0
9 4 2 6
4 15 14 4
13 1 15 15
2 6 5 1
14 1 5 6
2 11 10 1
15 11 15 11
11 14 5 11
11 1 10 14
11 8 4 1
3 2 11 8
7 9 6 2
5 7 4 9
6 0 10 7
9 10 0 0
2 11 0 10
14 7 0 11
15 4 0 7
5 10 0 4
5 6 0 10
10 1 0 6
15 1 0 1
5 2 0 1
10 7 0 2
4 7 0 7
11 8 0 7
6 15 0 8
4 12 0 15
10 0 0 12
