p tile 13 13 13
0 2 5 0
0 4 2 2
0 9 5 4
0 4 2 9
0 4 7 4
0 8 2 4
0 6 5 8
0 8 2 6
0 12 7 8
0 9 2 12
0 5 12 9
0 6 10 5
0 0 1 6
5 13 8 0
2 12 12 13
5 10 8 12
2 7 13 10
7 3 1 7
2 6 1 3
5 2 11 6
2 7 5 2
7 2 10 7
2 11 6 2
12 8 13 11
10 4 12 8
1 0 2 4
8 13 9 0
12 1 11 13
8 1 5 1
13 3 2 1
1 11 7 3
1 6 10 11
11 4 9 6
5 9 10 4
10 7 6 9
6 3 4 7
13 13 2 3
12 12 6 13
2 0 8 12
9 2 7 0
11 4 13 2
5 9 12 4
2 5 5 9
7 9 8 5
10 4 3 9
9 1 11 4
10 6 1 1
6 4 1 6
4 4 6 4
2 2 7 4
6 7 7 2
8 0 12 7
7 8 7 0
13 1 3 8
12 12 2 1
5 12 12 12
8 5 2 12
3 1 6 5
11 6 13 1
1 7 12 6
1 5 11 7
6 9 5 5
7 2 12 9
7 1 13 2
12 0 3 1
7 12 4 0
3 13 1 12
2 10 12 13
12 10 7 10
2 11 13 10
6 6 2 11
13 9 9 6
12 13 2 9
11 2 7 13
5 10 9 2
12 9 5 10
13 9 7 9
3 0 6 9
4 13 7 0
1 5 1 13
12 5 1 5
7 3 8 5
13 12 1 3
2 11 7 12
9 13 11 11
2 2 13 13
7 1 9 2
9 3 12 1
5 11 13 3
7 7 5 11
6 0 11 7
7 11 9 0
1 11 11 11
1 10 8 11
8 4 11 10
1 10 4 4
7 7 4 10
11 4 13 7
13 7 9 4
9 3 6 7
12 6 11 3
13 13 8 6
5 7 8 13
11 0 10 7
9 4 13 0
11 4 4 4
8 5 10 4
11 12 5 5
4 9 2 12
4 13 10 9
13 6 7 13
9 10 10 6
6 12 7 10
11 9 3 12
8 5 5 9
8 6 10 5
10 0 7 6
13 12 11 0
4 7 3 12
10 4 12 7
5 11 5 4
2 6 2 11
10 10 7 6
7 11 3 10
10 2 13 11
7 3 9 2
3 8 5 3
5 5 7 8
10 7 3 5
7 0 9 7
11 12 8 0
3 6 6 12
12 6 1 6
5 3 8 6
2 8 12 3
7 1 10 8
3 5 10 1
13 13 10 5
9 8 10 13
5 10 5 8
7 1 8 10
3 8 3 1
9 0 10 8
8 5 1 0
6 8 13 5
1 5 4 8
8 11 9 5
12 6 9 11
10 11 13 6
10 5 12 11
10 6 10 5
10 2 11 6
5 3 1 2
8 13 3 3
3 13 5 13
10 0 1 13
1 5 0 0
13 7 0 5
4 13 0 7
9 9 0 13
9 13 0 9
13 11 0 13
12 2 0 11
10 8 0 2
11 13 0 8
1 11 0 13
3 1 0 11
5 13 0 1
1 0 0 13
