p tile 11 11 11
0 2 1 0
0 5 11 2
0 2 2 5
0 6 7 2
0 9 9 6
0 2 2 9
0 3 3 2
0 10 10 3
0 4 3 10
0 9 8 4
0 0 7 9
1 2 1 0
11 2 9 2
2 1 11 2
7 3 11 1
9 3 4 3
2 7 1 3
3 8 7 7
10 2 4 8
3 7 6 2
8 3 4 7
7 0 5 3
1 1 2 0
9 10 5 1
11 11 1 10
11 6 11 11
4 5 10 6
1 5 8 5
7 7 10 5
4 4 4 7
6 7 5 4
4 10 8 7
5 0 2 10
2 1 1 0
5 3 5 1
1 7 5 3
11 8 8 7
10 7 4 8
8 6 1 7
10 3 7 6
4 8 3 3
5 8 10 8
8 5 4 8
2 0 3 5
1 6 8 0
5 4 7 6
5 9 10 4
8 5 3 9
4 8 9 5
1 4 4 8
7 2 4 4
3 6 4 2
10 11 6 6
4 7 2 11
3 0 6 7
8 7 3 0
7 8 7 7
10 5 2 8
3 1 5 5
9 3 4 1
4 10 10 3
4 11 8 10
4 4 8 11
6 2 8 4
2 9 2 2
6 0 1 9
3 6 10 0
7 1 9 6
2 7 5 1
5 4 9 7
4 8 8 4
10 11 2 8
8 9 8 11
8 4 3 9
8 3 4 4
2 7 8 3
1 0 2 7
10 3 5 0
9 11 6 3
5 2 7 11
9 4 6 2
8 8 1 4
2 11 2 8
8 11 3 11
3 5 7 11
4 9 3 5
8 7 4 9
2 0 9 7
5 3 10 0
6 2 1 3
7 3 9 2
6 1 3 3
1 5 4 1
2 11 5 5
3 1 9 11
7 9 2 1
3 1 4 9
4 2 11 1
9 0 7 2
10 3 3 0
1 4 11 3
9 9 9 4
3 5 5 9
4 7 9 5
5 10 2 7
9 2 6 10
2 2 2 2
4 1 9 2
11 5 10 1
7 0 4 5
3 1 0 0
11 5 0 1
9 3 0 5
5 3 0 3
9 6 0 3
2 7 0 6
6 4 0 7
2 11 0 4
9 2 0 11
10 6 0 2
4 0 0 6
