p tile 12 12 12
0 6 1 0
0 6 10 6
0 10 4 6
0 10 8 10
0 5 12 10
0 2 11 5
0 10 12 2
0 2 6 10
0 8 12 2
0 5 1 8
0 9 5 5
0 0 1 9
1 9 12 0
10 2 3 9
4 7 3 2
8 5 2 7
12 11 9 5
11 1 10 11
12 9 10 1
6 8 3 9
12 6 6 8
1 10 10 6
5 3 6 10
1 0 9 3
12 11 8 0
3 7 10 11
3 7 8 7
2 7 1 7
9 4 10 7
10 12 6 4
10 12 10 12
3 10 8 12
6 8 5 10
10 7 9 8
6 5 5 7
9 0 9 5
8 5 6 0
10 11 5 5
8 1 4 11
1 8 9 1
10 6 12 8
6 6 5 6
10 5 6 6
8 10 9 5
5 8 9 10
9 7 4 8
5 7 4 7
9 0 5 7
6 1 10 0
5 9 11 1
4 2 9 9
9 1 6 2
12 8 1 1
5 7 5 8
6 7 12 7
9 7 4 7
9 1 2 7
4 12 7 1
4 9 3 12
5 0 1 9
10 4 11 0
11 1 10 4
9 1 5 1
6 4 2 1
1 9 9 4
5 8 7 9
12 10 11 8
4 7 8 10
2 7 8 7
7 4 4 7
3 2 3 4
1 0 5 2
11 10 1 0
10 9 3 10
5 6 1 9
2 12 8 6
9 5 6 12
7 9 1 5
11 7 5 9
8 4 3 7
8 9 7 4
4 7 2 9
3 6 6 7
5 0 7 6
1 8 11 0
3 12 2 8
1 7 6 12
8 12 6 7
6 7 12 12
1 5 5 7
5 5 12 5
3 7 1 5
7 1 9 7
2 9 2 1
6 1 1 9
7 0 3 1
11 3 2 0
2 8 2 3
6 4 2 8
6 8 8 4
12 3 7 8
5 8 12 3
12 2 2 8
1 4 12 2
9 6 1 4
2 9 12 6
1 9 3 9
3 0 12 9
2 8 11 0
2 9 1 8
2 5 6 9
8 12 2 5
7 3 6 12
12 10 10 3
2 2 11 10
12 1 10 2
1 11 8 1
12 8 6 11
3 8 8 8
12 0 1 8
11 3 10 0
1 12 3 3
6 12 6 12
2 7 12 12
6 4 7 7
10 11 9 4
11 4 11 11
10 11 6 4
8 9 7 11
6 6 11 9
8 9 1 6
1 0 5 9
10 2 0 0
3 7 0 2
6 11 0 7
12 1 0 11
7 3 0 1
9 11 0 3
11 2 0 11
6 3 0 2
7 4 0 3
11 2 0 4
1 11 0 2
5 0 0 11
